73.7073
2.06669
6.18367
5.14647
0.075021
1.58006
3.50064
1.4
1.13244
1.85914
3.75963
0.201686
1.9119
5.37569
2.17192
6.29429
6.7669
4.26021
4.84897
2.76304
2.47109
0.598611
1.53113
0.582114
2.58065
11.4504
0.16969
1.13616
3.5787
2.98958
0.881844
1.44596
0.636626
3.20352
1.23674
2.46462
0.54852
1.01244
0.335486
0.763319
3.46118
0.254798
2.11376
0.403309
0.813325
2.06364
7.5177
3.01366
4.97937
10.8984
3.59592
3.6264
1.97033
1.31878
0.883921
1.43354
3.23016
8.17999
1.1219
1.69951
0.206347
7.12807
5.52785
2.40751
1.96802
6.69004
1.68534
3.18815
3.25558
10.049
3.45589
5.66694
2.00415
1.09516
0.304666
2.45303
1.80954
2.532
1.03161
1.14213
4.25679
5.12419
0.992147
1.84288
1.37564
4.15256
0.0340647
3.25112
0.365934
0.710741
3.05869
1.45937
1.76244
4.58946
1.68864
1.0408
7.16485
3.63549
2.0134
2.32997
2.37525
4.62041
0.617417
1.97671
1.123
2.55021
1.72474
1.82161
0.44256
1.5276
2.6519
3.37413
2.82682
2.16036
1.2346
0.976979
0.680851
2.66508
2.07709
3.1223
5.27161
6.07463
1.43878
2.86747
4.65588
2.71845
0.0939695
2.60027
1.13002
4.30156
1.21875
0.0875339
4.5317
0.616126
1.18533
5.32353
5.7976
3.65226
5.8948
2.50358
3.11337
3.97875
1.42484
0.364803
4.24078
0.589671
0.361217
1.94138
3.02049
0.308068
5.04061
1.37807
7.31065
0.801474
1.90471
1.46433
1.75755
0.990857
2.96195
1.57237
2.85119
3.55141
2.7147
0.421455
4.40003
1.90067
2.07294
4.79766
7.69568
1.68938
0.583798
1.81665
3.8597
1.22396
5.12155
1.71705
2.57458
1.97608
5.60744
2.34757
0.736942
3.7533
1.38977
0.818026
2.07188
3.56927
0.330102
1.90779
1.20807
6.31878
0.253492
10.9826
3.69745
0.761653
1.30969
0.99778
2.09642
1.61119
5.01465
2.33441
2.75787
1.85112
7.05347
8.94244
0.182863
0.9674
2.57109
2.20209
1.0853
0.534141
8.90277
2.28109
0.819592
3.21525
4.29306
1.53424
5.4475
1.43067
2.07603
5.99951
1.68982
5.66727
4.80074
1.94722
1.10704
4.95884
1.58231
4.74735
3.38897
0.454391
0.0402585
0.454937
0.269875
7.67863
6.26015
0.55371
1.94475
0.291618
1.60557
0.617671
2.87434
7.90988
0.39651
6.2505
3.61605
2.33383
5.96997
1.57406
2.25573
73.7073
2.06669
6.18367
5.14647
0.075021
1.58006
3.50064
1.4
1.13244
1.85914
3.75963
0.201686
1.9119
5.37569
2.17192
6.29429
6.7669
4.26021
4.84897
2.76304
2.47109
0.598611
1.53113
0.582114
2.58065
11.4504
0.16969
1.13616
3.5787
2.98958
0.881844
1.44596
0.636626
3.20352
1.23674
2.46462
0.54852
1.01244
0.335486
0.763319
3.46118
0.254798
2.11376
0.403309
0.813325
2.06364
7.5177
3.01366
4.97937
10.8984
3.59592
3.6264
1.97033
1.31878
0.883921
1.43354
3.23016
8.17999
1.1219
1.69951
0.206347
7.12807
5.52785
2.40751
1.96802
6.69004
1.68534
3.18815
3.25558
10.049
3.45589
5.66694
2.00415
1.09516
0.304666
2.45303
1.80954
2.532
1.03161
1.14213
4.25679
5.12419
0.992147
1.84288
1.37564
4.15256
0.0340647
3.25112
0.365934
0.710741
3.05869
1.45937
1.76244
4.58946
1.68864
1.0408
7.16485
3.63549
2.0134
2.32997
2.37525
4.62041
0.617417
1.97671
1.123
2.55021
1.72474
1.82161
0.44256
1.5276
2.6519
3.37413
2.82682
2.16036
1.2346
0.976979
0.680851
2.66508
2.07709
3.1223
5.27161
6.07463
1.43878
2.86747
4.65588
2.71845
0.0939695
2.60027
1.13002
4.30156
1.21875
0.0875339
4.5317
0.616126
1.18533
5.32353
5.7976
3.65226
5.8948
2.50358
3.11337
3.97875
1.42484
0.364803
4.24078
0.589671
0.361217
1.94138
3.02049
0.308068
5.04061
1.37807
7.31065
0.801474
1.90471
1.46433
1.75755
0.990857
2.96195
1.57237
2.85119
3.55141
2.7147
0.421455
4.40003
1.90067
2.07294
4.79766
7.69568
1.68938
0.583798
1.81665
3.8597
1.22396
5.12155
1.71705
2.57458
1.97608
5.60744
2.34757
0.736942
3.7533
1.38977
0.818026
2.07188
3.56927
0.330102
1.90779
1.20807
6.31878
0.253492
10.9826
3.69745
0.761653
1.30969
0.99778
2.09642
1.61119
5.01465
2.33441
2.75787
1.85112
7.05347
8.94244
0.182863
0.9674
2.57109
2.20209
1.0853
0.534141
8.90277
2.28109
0.819592
3.21525
4.29306
1.53424
5.4475
1.43067
2.07603
5.99951
1.68982
5.66727
4.80074
1.94722
1.10704
4.95884
1.58231
4.74735
3.38897
0.454391
0.0402585
0.454937
0.269875
7.67863
6.26015
0.55371
1.94475
0.291618
1.60557
0.617671
2.87434
7.90988
0.39651
6.2505
3.61605
2.33383
5.96997
1.57406
2.25573
