0.591694
0.404014
0.455861
0.0321359
1.0628
2.49985
0.216932
10.8792
3.21508
1.83929
3.10383
0.247253
2.18426
0.675804
0.243879
0.594875
0.641646
3.00147
1.22034
0.928753
2.07933
0.247133
0.548063
3.40809
2.88302
1.01529
1.06221
2.04868
1.53078
0.972455
0.126066
0.767758
0.592035
1.48339
0.269629
0.833931
1.1246
1.38055
1.00246
3.48401
2.09319
1.37099
3.00142
4.03752
3.4599
1.24865
1.30648
2.36795
0.0079179
4.52122
1.33212
1.62652
0.901838
1.47491
0.584225
1.53309
1.92268
2.57244
0.311985
0.383374
0.53234
2.25762
3.74646
1.03715
1.10757
0.583024
0.233979
2.66924
0.739562
0.710669
1.12949
2.13168
0.668419
0.626941
1.35712
0.301787
2.27995
0.111357
2.06223
0.703195
0.555263
3.51491
1.411
0.40235
3.6142
3.26042
0.187272
3.20492
0.418122
0.247126
0.608123
1.97894
2.08591
0.547688
1.05096
1.36168
2.78452
1.30576
6.37217
0.0225055
0.539692
2.2071
2.01421
0.706058
2.23283
0.334193
0.850015
4.25226
0.974815
3.93358
0.356227
0.437506
5.14974
3.62676
1.35216
2.25891
0.763322
3.79386
0.268382
0.62119
1.15737
0.713892
1.80753
0.0918789
2.28938
1.09351
2.56322
2.63244
0.727655
0.037438
1.18119
0.54534
1.15588
5.27143
3.53662
1.4442
1.39097
2.47604
1.32755
1.41746
0.207486
0.968728
1.64913
1.7439
5.67313
0.482492
1.10398
0.18419
2.07774
0.0684578
3.97624
0.584182
0.869546
3.89008
3.69319
2.94372
2.89546
0.804442
1.80224
5.02629
2.1463
0.864025
0.476663
2.51933
4.93209
1.96076
0.747658
2.01937
0.480439
0.340958
1.65576
0.28295
3.24633
1.74346
13.2691
0.743883
1.03145
1.24884
0.0315543
1.61222
7.03604
2.59053
0.694362
1.87168
3.58253
4.95087
3.0062
0.186433
0.627889
0.584553
0.413682
1.58296
4.43548
1.63449
5.10285
0.734183
1.41544
0.0163599
0.783682
2.56529
1.00036
2.42049
0.397305
0.566915
0.66899
0.343578
1.5927
0.263117
3.67143
2.14581
0.419872
1.02647
1.19033
0.0833038
0.0452359
4.80946
1.05397
0.332301
2.18616
0.0866084
4.05911
3.50805
1.72468
0.526342
0.379735
6.49408
1.07408
3.02261
0.777258
0.974066
1.37128
1.11262
1.73927
0.218066
2.00682
8.17378
0.356087
4.51131
1.30189
2.60048
0.591428
2.6132
1.09826
2.40168
1.03327
1.50748
3.42399
7.62656
0.928357
0.591694
0.404014
0.455861
0.0321359
1.0628
2.49985
0.216932
10.8792
3.21508
1.83929
3.10383
0.247253
2.18426
0.675804
0.243879
0.594875
0.641646
3.00147
1.22034
0.928753
2.07933
0.247133
0.548063
3.40809
2.88302
1.01529
1.06221
2.04868
1.53078
0.972455
0.126066
0.767758
0.592035
1.48339
0.269629
0.833931
1.1246
1.38055
1.00246
3.48401
2.09319
1.37099
3.00142
4.03752
3.4599
1.24865
1.30648
2.36795
0.0079179
4.52122
1.33212
1.62652
0.901838
1.47491
0.584225
1.53309
1.92268
2.57244
0.311985
0.383374
0.53234
2.25762
3.74646
1.03715
1.10757
0.583024
0.233979
2.66924
0.739562
0.710669
1.12949
2.13168
0.668419
0.626941
1.35712
0.301787
2.27995
0.111357
2.06223
0.703195
0.555263
3.51491
1.411
0.40235
3.6142
3.26042
0.187272
3.20492
0.418122
0.247126
0.608123
1.97894
2.08591
0.547688
1.05096
1.36168
2.78452
1.30576
6.37217
0.0225055
0.539692
2.2071
2.01421
0.706058
2.23283
0.334193
0.850015
4.25226
0.974815
3.93358
0.356227
0.437506
5.14974
3.62676
1.35216
2.25891
0.763322
3.79386
0.268382
0.62119
1.15737
0.713892
1.80753
0.0918789
2.28938
1.09351
2.56322
2.63244
0.727655
0.037438
1.18119
0.54534
1.15588
5.27143
3.53662
1.4442
1.39097
2.47604
1.32755
1.41746
0.207486
0.968728
1.64913
1.7439
5.67313
0.482492
1.10398
0.18419
2.07774
0.0684578
3.97624
0.584182
0.869546
3.89008
3.69319
2.94372
2.89546
0.804442
1.80224
5.02629
2.1463
0.864025
0.476663
2.51933
4.93209
1.96076
0.747658
2.01937
0.480439
0.340958
1.65576
0.28295
3.24633
1.74346
13.2691
0.743883
1.03145
1.24884
0.0315543
1.61222
7.03604
2.59053
0.694362
1.87168
3.58253
4.95087
3.0062
0.186433
0.627889
0.584553
0.413682
1.58296
4.43548
1.63449
5.10285
0.734183
1.41544
0.0163599
0.783682
2.56529
1.00036
2.42049
0.397305
0.566915
0.66899
0.343578
1.5927
0.263117
3.67143
2.14581
0.419872
1.02647
1.19033
0.0833038
0.0452359
4.80946
1.05397
0.332301
2.18616
0.0866084
4.05911
3.50805
1.72468
0.526342
0.379735
6.49408
1.07408
3.02261
0.777258
0.974066
1.37128
1.11262
1.73927
0.218066
2.00682
8.17378
0.356087
4.51131
1.30189
2.60048
0.591428
2.6132
1.09826
2.40168
1.03327
1.50748
3.42399
7.62656
0.928357
